# Image list with two lines of data per image:
# IMAGE_ID, QW, QX, QY, QZ, TX, TY, TZ, CAMERA_ID, IMAGE_NAME
# POINTS2D[] as (X, Y, POINT3D_ID)
127 0.9626123204287101 0.022232978958329427 -0.2095270507977658 -0.17023991949446832 -0.28522550170861055 -1.7281673663664887 1.978121096222829 1 frame_00127.png

126 0.9563994903603743 0.02414826834880528 -0.2249153715691868 -0.1847429338461018 -0.35523922318118417 -1.7128747262662263 1.9391529548561333 1 frame_00126.png

125 0.9496865784578884 0.026315945351629184 -0.2400638530893452 -0.19942973739414163 -0.4227246402748513 -1.6996683790656089 1.8987743485894926 1 frame_00125.png

124 0.935122126192585 0.030980035358383083 -0.2693024838778314 -0.22817322080271177 -0.5383884590400044 -1.6727293893271669 1.8174745858317114 1 frame_00123.png

123 0.9426238426141281 0.02837251934022686 -0.25479452451943235 -0.21385752677093278 -0.4817212069594848 -1.6845661933018357 1.8579660085476326 1 frame_00124.png

122 0.9271801759536689 0.03388363473892308 -0.28367771970259503 -0.24231337552792834 -0.5962382295001651 -1.6637817765374008 1.772747906005003 1 frame_00122.png

121 0.9189968970181043 0.036823811110898746 -0.2976130653282236 -0.25595932011220734 -0.6452203958202165 -1.6501459063537203 1.747919184871001 1 frame_00121.png

120 0.910570097479279 0.040271570346417894 -0.3112424162685302 -0.26901385933393296 -0.69103102607306 -1.6318092257459311 1.714981169533709 1 frame_00120.png

119 0.9018217196666052 0.043938369052394365 -0.32471589327221817 -0.2816852752967538 -0.7372098557755611 -1.6117844622748732 1.6810809674314988 1 frame_00119.png

118 0.7980238909295003 0.08670395947651857 -0.44659924477497415 -0.3952080559442813 -1.033436603341574 -1.3535380001108597 1.186752957901192 1 frame_00109.png

117 0.8928367857598954 0.0477658373360836 -0.3378538815885878 -0.29396539502643126 -0.7805654397934833 -1.5913145855868405 1.6414979330131485 1 frame_00118.png

116 0.8836101923553696 0.05184377737758108 -0.3507060621813918 -0.3058602763716667 -0.8191330376130749 -1.5707773925085977 1.6025497059523455 1 frame_00117.png

115 0.8739031529684794 0.05615162810742184 -0.36350848688468645 -0.3178078882838528 -0.8585019379147976 -1.5506082738059508 1.5567137512652252 1 frame_00116.png

114 0.8638361360790284 0.0605903748047077 -0.37601008246597534 -0.3297458936347957 -0.8985315543231582 -1.5305363293933234 1.5054578378861994 1 frame_00115.png

113 0.8320124839825425 0.07442270130586198 -0.41228501299922427 -0.36364482133500436 -0.9807418130737217 -1.4622140457024473 1.3306300461059395 1 frame_00112.png

112 0.8536060833913315 0.06527952292679716 -0.3881587137404275 -0.34121554951546096 -0.9326750048315129 -1.510670529829754 1.4442735429176665 1 frame_00114.png

111 0.8096525429604983 0.08299886701743418 -0.43541328604967694 -0.38469366784864456 -1.0180593883571551 -1.3910414797104074 1.232533354225507 1 frame_00110.png

110 0.8429867850016727 0.06968808156839246 -0.40036872792879563 -0.35245103673636585 -0.9586568420373093 -1.487108835223353 1.3873416963456084 1 frame_00113.png

109 0.820971095153461 0.07873339079742155 -0.42400518656961533 -0.3742019720126192 -1.0013320155622296 -1.429826493240113 1.282339671233094 1 frame_00111.png

108 0.7860514225994458 0.08993593340974332 -0.45769282141757334 -0.4056500587130819 -1.0477092765239286 -1.3179650926247712 1.1422988828142777 1 frame_00108.png

107 0.7739497320728629 0.09259974798862859 -0.46858481103446376 -0.4157587927688149 -1.0591239572338262 -1.283669239795362 1.1041034741691085 1 frame_00107.png

106 0.7617984544916362 0.09452737029821875 -0.4792154702987859 -0.4255352206633094 -1.0713207592979253 -1.2505570544128026 1.068129643100551 1 frame_00106.png

105 0.7494891903980417 0.09585858336036233 -0.48943342656931615 -0.4353527379370092 -1.0838560583105659 -1.2189954801007064 1.0262359919227373 1 frame_00105.png

104 0.7251566347726902 0.09683508648464347 -0.5088068494440884 -0.45374707825994826 -1.0874448126277612 -1.1592003222151686 0.9491325749300725 1 frame_00103.png

103 0.7372028111189508 0.09669704996221604 -0.4992783843982199 -0.4448626649648456 -1.0888944508545306 -1.1877841471855117 0.9809104632628131 1 frame_00104.png

102 0.7130448826531267 0.09675781788381202 -0.5186191699701597 -0.46177816810673766 -1.087333997420436 -1.1394377381119138 0.9214293479790343 1 frame_00102.png

101 0.7017615338242087 0.09579113071244444 -0.5275663249629077 -0.46907204317317525 -1.0797334754567411 -1.1248569032167597 0.9062900309608489 1 frame_00101.png

100 0.6909998811310651 0.09479281764598986 -0.5360329565560417 -0.47560714406469634 -1.0627695857039832 -1.1079338973894082 0.9054037955385484 1 frame_00100.png

99 0.6803490967358916 0.09393939541672369 -0.5442672783184431 -0.48174020624319014 -1.0437439478332895 -1.084497926736152 0.9088510810885044 1 frame_00099.png

98 0.6606728551356325 0.09196322622728972 -0.5589138762312511 -0.49261488250453606 -1.0037362105865004 -1.0364412399354883 0.9264487310460382 1 frame_00097.png

97 0.6702372026088719 0.09293022509962219 -0.551790254720428 -0.4875177743401084 -1.025231975338883 -1.0607555782690583 0.9157398660533577 1 frame_00098.png

96 0.6516387704003064 0.09112802945872658 -0.565447623992726 -0.4973244209559059 -0.9785632337242711 -1.01136444631132 0.9378854857192022 1 frame_00096.png

95 0.6428698913481183 0.09078456108906877 -0.5711289034328546 -0.5022830297048755 -0.9516026383362525 -0.9880185995244181 0.9455343878783663 1 frame_00095.png

94 0.6188379100425028 0.09285934895293038 -0.5841568734500499 -0.5168921837359582 -0.8527453624931504 -0.936764264850569 0.9451759047449256 1 frame_00092.png

93 0.6346297259365735 0.0909550051456938 -0.5760956202759018 -0.5070366202707063 -0.9218566996255452 -0.9672599267925676 0.9528595670343064 1 frame_00094.png

92 0.6266540515291612 0.09181699149326557 -0.5803532496382402 -0.5119223040750885 -0.8884506267740954 -0.9503317473339749 0.9517642776024688 1 frame_00093.png

91 0.6105246567590584 0.09468853362651798 -0.5874111924369471 -0.5227253734885057 -0.8181058801108181 -0.929191998141352 0.9227211743636182 1 frame_00091.png

90 0.6025651880727961 0.09615811113928542 -0.5904606940702191 -0.5282281519788925 -0.7794447272705125 -0.9213317345497413 0.8975178471925486 1 frame_00090.png

89 0.5939644311782084 0.09776254561829796 -0.5935809390922981 -0.5341445571338186 -0.7403155594676929 -0.9105397552288077 0.8910957598795933 1 frame_00089.png

88 0.5848619007885753 0.09960587073906843 -0.5964175302866467 -0.5406490146916608 -0.7086184955569024 -0.9024470842105294 0.8716454351289862 1 frame_00088.png

87 0.5749081019548434 0.10118413120037907 -0.5995504701192699 -0.5475232229592334 -0.6789141456546514 -0.8957020362781969 0.8542605463959222 1 frame_00087.png

86 0.5639404204757191 0.10220540927120053 -0.6031669511008189 -0.5547205472750383 -0.6553884157576433 -0.889046009025745 0.8460980195422152 1 frame_00086.png

85 0.5519667178314047 0.10265017486723474 -0.6073934917978748 -0.5620220904268244 -0.6401442198268767 -0.8821802743781236 0.8416367984722605 1 frame_00085.png

84 0.5390736855909523 0.10248053901255968 -0.6120101258752758 -0.5695093558961184 -0.6324108813156447 -0.8753932063142346 0.8400351841431117 1 frame_00084.png

83 0.5251460828362811 0.10175047121607772 -0.6171742328948744 -0.5770306746955829 -0.627682567037453 -0.8688443837998541 0.8332483810661481 1 frame_00083.png

82 0.5103926445930702 0.1001695027293125 -0.6229975775756922 -0.5842426186123996 -0.6223194067727726 -0.8615549941223054 0.8246397220115823 1 frame_00082.png

81 -0.49434724443709416 -0.09805263547618369 0.6293000607524099 0.5915977654882074 -0.6196879025605545 -0.8546644647684923 0.8254080460787199 1 frame_00081.png

80 -0.4776319230641431 -0.09553729005082309 0.6356675061504727 0.5988882983530671 -0.6224335613282462 -0.8549583670982926 0.8203886668001528 1 frame_00080.png

79 -0.46041759127489323 -0.09256520967834317 0.6426791389289354 0.6053187986403463 -0.6273824850774828 -0.8614814239605293 0.819072507680214 1 frame_00079.png

78 -0.4436503273837213 -0.08876315198243134 0.6489563703842786 0.6116789347362911 -0.63079409444055 -0.8701911202392663 0.829986157247662 1 frame_00078.png

77 -0.4269214268240964 -0.08475039878297033 0.654807112161729 0.6178860016920776 -0.6327927435353041 -0.8721670873690551 0.8493461890436157 1 frame_00077.png

76 -0.40948230753626175 -0.08072501890489946 0.6602059407928184 0.6244484181094959 -0.6399512627678384 -0.8676547453594174 0.8685054694592738 1 frame_00076.png

75 -0.3922613450009192 -0.07616253511793664 0.6653032965646712 0.6306360511758424 -0.649392586806232 -0.8584870731540925 0.8844857014191703 1 frame_00075.png

74 -0.37530607433594754 -0.07176946670991029 0.6697878121662497 0.636693631889203 -0.6615744292828294 -0.8482682111619442 0.9022816928731247 1 frame_00074.png

73 -0.3429287278654969 -0.06445303901149874 0.6769458135411898 0.6480664000669925 -0.6807373009156811 -0.8251634023135885 0.9198085831222517 1 frame_00072.png

72 -0.35882585198782285 -0.06773026061614562 0.6737258801322503 0.6424562694706206 -0.6720551319291084 -0.8372448105417886 0.9139164723540635 1 frame_00073.png

71 -0.327303885884975 -0.06229420272199329 0.6791167921172426 0.6540580870658298 -0.6869947622026865 -0.8143043408472951 0.9061869842265515 1 frame_00071.png

70 -0.3119811461485762 -0.06076285699326985 0.6805393096323084 0.6601832228275855 -0.686795799096244 -0.8053844404241992 0.8868624621802069 1 frame_00070.png

69 -0.27844723176481206 -0.06078727561185063 0.6840357484045686 0.6714664110369214 -0.6878321899555748 -0.8143539873159693 0.8197540251979198 1 frame_00068.png

68 -0.2604859563895703 -0.0621056098882811 0.687599900686633 0.6749046868409999 -0.6744725330182403 -0.8129630559962161 0.8130452891886975 1 frame_00067.png

67 -0.29560911828146635 -0.06006788033672493 0.6817987426196699 0.6664514787311556 -0.6881418360581465 -0.804781263380726 0.8565415711910715 1 frame_00069.png

66 -0.24068691540035703 -0.06499175170099525 0.691735741368837 0.6777518314831785 -0.6660986832835053 -0.799734823027201 0.8206296680765136 1 frame_00066.png

65 -0.19632818588155823 -0.07618449963446454 0.7015244561262016 0.6808190676683047 -0.6689989491302188 -0.7573739904778707 0.8199663203852723 1 frame_00064.png

64 -0.07024831742440218 -0.09074515671870732 0.7172697359764904 0.6872805950144042 -0.7229317554274575 -0.6747457301832139 0.8259053367000198 1 frame_00059.png

63 -0.17189609595111774 -0.0846641611188724 0.7056595370282868 0.682149785472242 -0.6784063453391607 -0.7473276155453799 0.8025169285690857 1 frame_00063.png

62 -0.2191978454198267 -0.06980574753684793 0.6967222267442545 0.6794538990503001 -0.6649651714166659 -0.7779237859941467 0.8200322539435267 1 frame_00065.png

61 -0.146285977563863 -0.09375520634493698 0.7095200051810739 0.6829287929932755 -0.6860441786312675 -0.7412216427932901 0.7901129901600252 1 frame_00062.png

60 -0.12065525980262769 -0.10053156842549033 0.7130737525838369 0.6832726654915127 -0.6912794236621264 -0.7295815516096965 0.7887646901973938 1 frame_00061.png

29 0.396410646822314 0.05445413561292505 0.6824636101104443 0.6116672028771718 -0.17458775570399418 -0.28154550690514807 0.9494747649075828 1 frame_00029.png

28 0.40861826261523676 0.0567509777075039 0.6794663828834511 0.6067420180915669 -0.14204712229342503 -0.27528867781779265 0.936672353567521 1 frame_00028.png

27 0.42037193772381737 0.05830526926021464 0.6767619000859953 0.6015656740064299 -0.10426466885840573 -0.27005396065482334 0.9303523203171983 1 frame_00027.png

26 0.4324116653799649 0.05899075670606763 0.6733496402731606 0.5967750867877917 -0.06764898611538489 -0.26865096746403794 0.9122640054449858 1 frame_00026.png

25 0.44359037043143656 0.05979774600981784 0.6702113425415125 0.5920038590763999 -0.02457013096354569 -0.2625931509291488 0.8881592054162069 1 frame_00025.png

24 0.47528241148779243 0.05889727484435713 0.6615658984430204 0.577034056502332 0.11224928188758332 -0.23714619670642464 0.8635359047616785 1 frame_00022.png

23 0.4648984615805262 0.05964579508191447 0.664455888783043 0.5820740257137771 0.06417405930876156 -0.24435916065542035 0.8721531913925068 1 frame_00023.png

22 0.4541956094195065 0.06008793065256351 0.6675554365841156 0.5869118571480105 0.019727089486538597 -0.25305519567496765 0.8867743524595313 1 frame_00024.png

21 0.4853633508724071 0.05780333010719446 0.6586347671761763 0.572085165098005 0.16381534151684543 -0.22872840374614523 0.8530577800277969 1 frame_00021.png

20 0.49514370907645416 0.05630183858565505 0.6555912422409717 0.5673296514644959 0.21445633682507498 -0.22197189596509045 0.8451245285118555 1 frame_00020.png

19 0.5048832458622755 0.05445205979044696 0.6524658108975211 0.562508886011582 0.26169369896072514 -0.22030503570858842 0.8396392940778148 1 frame_00019.png

18 0.5146603729149566 0.05197956657594765 0.6491538766140454 0.5576935266672649 0.3096090826758784 -0.22596547556376717 0.8423999137910165 1 frame_00018.png

17 0.5237456013864744 0.049940212761661364 0.6456277687038283 0.5534991458495274 0.363894714201192 -0.23398773030129721 0.8400944150362891 1 frame_00017.png

16 0.5323712584715236 0.04746552550819788 0.6426360102855393 0.5489506583710061 0.4235731811161924 -0.23876071482987687 0.859444923749194 1 frame_00016.png

15 0.5407803247109176 0.044814998656103 0.6394518182235686 0.5446555135786108 0.4803313336753076 -0.24363373838455957 0.889085218439904 1 frame_00015.png

14 0.5494178100809388 0.04252463452300056 0.635188160687177 0.5411725472965088 0.53458749861246 -0.2470781483602516 0.902905133634106 1 frame_00014.png

1 0.6599880482490457 0.012815928543476724 0.5558921010198047 0.5052083730182738 1.0340830212798824 -0.3161331202039246 1.0529102641948314 1 frame_00001.png

2 0.5759382868514953 0.03511547259082226 0.6206061601467595 0.5309519632802792 0.6709395738002787 -0.25459999180157794 0.9591560675824552 1 frame_00011.png

3 0.5669695216123593 0.03773261396980893 0.6260082836771962 0.534074377004916 0.6326683742244972 -0.2507381753029405 0.9414424614620578 1 frame_00012.png

4 0.6394797733997013 0.0182340866051738 0.5728191000464535 0.512456257762858 0.9143338789321049 -0.30714387485827876 1.018908681637509 1 frame_00004.png

5 0.6470850795143587 0.016254635144152183 0.5665276146223205 0.50996386987371 0.9537050149848677 -0.3086707505068303 1.026963367300084 1 frame_00003.png

6 0.5580722594269271 0.04013118487153687 0.6309488854291488 0.5374461324027237 0.5874400933146326 -0.2490242035470921 0.9248494784754457 1 frame_00013.png

7 0.6312636757305687 0.020528161725457548 0.5794173851298178 0.515131303735882 0.8750133082005921 -0.30393106782925683 1.0101354480644875 1 frame_00005.png

8 0.6539042832634758 0.014328744237582286 0.5609605653662085 0.5074712992103866 0.9917759877319772 -0.3112704211556743 1.0406276291530945 1 frame_00002.png

9 0.6039983775402991 0.027813738436294186 0.6008963272471973 0.5228154165513036 0.7745718640106872 -0.28253470873090153 0.9908609690396181 1 frame_00008.png

10 0.613400978098288 0.025351035652075943 0.5936693180734367 0.5202435062907097 0.8069221422393433 -0.2915383005991256 1.001569144253411 1 frame_00007.png

11 0.6224228141827359 0.022940015502757503 0.5865619481640857 0.5176955447360244 0.839072175531531 -0.29835361762272644 1.0068619575539317 1 frame_00006.png

12 0.5849453616615672 0.03260068217391913 0.6147287425319663 0.5280953441353949 0.707193802563272 -0.2621359302411962 0.9738056298554411 1 frame_00010.png

13 0.5943514071195738 0.030064693914385127 0.6081782978336953 0.5253205469795809 0.7412708867675943 -0.2725210922861622 0.9837942738970175 1 frame_00009.png

30 0.3836328188916235 0.0511788245883359 0.6852754999130728 0.6169311772004326 -0.20290127884635153 -0.2867119630354484 0.9534440403586659 1 frame_00030.png

31 0.37036479702750336 0.04726821336016428 0.6880555900531024 0.6222339898504351 -0.23073337083657933 -0.2910505598316079 0.94932100650412 1 frame_00031.png

32 0.356810720605129 0.04322728026648315 0.69060853753117 0.6275964944062946 -0.25920396438387444 -0.2964669042448849 0.9374015015574476 1 frame_00032.png

33 0.34282741604014405 0.03909519968007413 0.6933297990721393 0.6326410656065572 -0.2859488563185779 -0.30118201221045365 0.9273154830375598 1 frame_00033.png

34 0.32828969140096054 0.03439383917470185 0.6960201501300303 0.6376510746165627 -0.31169902237357855 -0.3046746065272187 0.9152481739101018 1 frame_00034.png

35 0.3127515852688771 0.02972691898996068 0.6991091584304644 0.6422998838531864 -0.33549434435484293 -0.3059327284365484 0.9066838969655991 1 frame_00035.png

36 0.2968534473889729 0.02468639931390098 0.7016115761863893 0.6473096698053007 -0.36055180979619617 -0.3064052872113203 0.8900571158321049 1 frame_00036.png

37 0.2796021804366761 0.01965886278164192 0.7046519720299741 0.6518448804151628 -0.3777709907999009 -0.3050741831949662 0.8899042355285649 1 frame_00037.png

38 0.26189212820224633 0.014864365096872124 0.707555434169036 0.656168325518561 -0.39574340230026306 -0.3042522271744014 0.8892714071867932 1 frame_00038.png

39 0.24408780800083507 0.010414731993292901 0.710186100579799 0.6602638698930263 -0.41947966258377467 -0.30506563792010083 0.891849087676694 1 frame_00039.png

40 0.2259091718139187 0.006758293733948691 0.7127938586938454 0.663961058018084 -0.43841249150746103 -0.30604851121828464 0.9056469525325022 1 frame_00040.png

41 0.2081638983992775 0.003710560102518895 0.715169628344422 0.6672229206499447 -0.4551827221344354 -0.3094352820593005 0.9149574960179441 1 frame_00041.png

42 0.19115360347792254 0.0014796350450216834 0.7171204161579711 0.6702211719178657 -0.47260488735748374 -0.3183849565870939 0.9217680974676619 1 frame_00042.png

43 0.17485237254060199 0.0002898729895459849 0.7189274164252599 0.6727331816572402 -0.492057244943897 -0.3311918254569298 0.9296368929092189 1 frame_00043.png

44 0.15924929763324158 -0.00015177287249845407 0.7206096189370226 0.6748047238007108 -0.5148606171222879 -0.34933951375409145 0.9439675799629657 1 frame_00044.png

45 0.144650667078951 -0.0001205537401818802 0.7221745893762477 0.6764170551070235 -0.5439596230887933 -0.373525356764194 0.9616120886487249 1 frame_00045.png

46 0.13139382413008646 -1.6823508794467713e-05 0.722749679906141 0.6785046520791231 -0.5814122525159996 -0.40174739556333233 0.9573699517092716 1 frame_00046.png

47 0.11881158989625272 -0.00036776459986483876 0.7234205387010147 0.680107634893961 -0.624190100558134 -0.4257198607088328 0.9758426679622099 1 frame_00047.png

48 0.10612330272880086 -0.0012200730099239466 0.7237985119771773 0.6818006087555258 -0.6623873855737379 -0.44328770613609975 0.9914742491414588 1 frame_00048.png

49 0.09382117262025808 -0.0031782339339444287 0.723756363703267 0.6836404116172808 -0.6955182056462718 -0.45860174529163383 0.9954745131258866 1 frame_00049.png

50 0.08166476396769068 -0.006066082749466223 0.7235221680159405 0.6854266856168435 -0.7211719560846316 -0.4752420156461798 1.007277321900673 1 frame_00050.png

51 0.06913179209432752 -0.010275533331719046 0.7230856450761343 0.6872134738357552 -0.739069987036376 -0.4928406074096031 1.003255055612455 1 frame_00051.png

52 0.05603576639151096 -0.01618073835697184 0.7229491165710425 0.6884350016089309 -0.7521342382797662 -0.5116503569946569 0.9981061591458787 1 frame_00052.png

53 0.041746772255084684 -0.023572780451494985 0.7226322626214393 0.6895680851422046 -0.761245305031299 -0.5312984521375469 0.9819945050518364 1 frame_00053.png

54 0.026947968298455367 -0.031200454332153064 0.722067702334261 0.6905929132997048 -0.7667296003996634 -0.5508400426614168 0.9617019910732079 1 frame_00054.png

55 0.011037100699782273 -0.03996202634725712 0.7211372330969821 0.6915506560618628 -0.7693003014331393 -0.5721661999273847 0.930621537880352 1 frame_00055.png

56 -0.00663175742184783 -0.05042015873687418 0.7200915042138979 0.6920130439127662 -0.7692443377202356 -0.5970962856133936 0.8998712615133634 1 frame_00056.png

57 -0.026022207267543986 -0.06279167991419683 0.7190014179226587 0.6916769554406772 -0.7622128165966076 -0.6225112436926806 0.8651025167041569 1 frame_00057.png

58 -0.04718429558099638 -0.07677797498969653 0.7179591392606234 0.6902271069431797 -0.7471097720630454 -0.6487245176065587 0.8402185303310593 1 frame_00058.png

59 -0.09509524122270137 -0.10143283965726994 0.7159065595812009 0.6842120081410933 -0.7003072997516419 -0.7052571305731268 0.804190938690983 1 frame_00060.png

128 0.9785132135729135 0.018024522801201336 -0.16118574571901081 -0.12730342814710474 -0.08266536669084469 -1.798405248561776 2.060020600209455 1 frame_00130.png

129 0.9736878843536739 0.019285107033962353 -0.17751540081469286 -0.14159191708270005 -0.14904993462369465 -1.772846899277604 2.034397201985548 1 frame_00129.png

130 0.9683816593543938 0.02078459409173639 -0.19365364166566434 -0.15589493110457098 -0.2168258327190555 -1.74962882525023 2.0069179675409448 1 frame_00128.png

131 0.9826878724896819 0.017128103327607527 -0.14562137530608896 -0.11325011431369304 -0.02178777385837831 -1.818872345480857 2.0615120065896226 1 frame_00131.png

132 0.9864773031459552 0.016059978752913883 -0.12932981732037757 -0.09939016959547431 0.04771807900984491 -1.8279387528041804 2.0926825480516626 1 frame_00132.png

133 0.9898508217903018 0.014211542021605416 -0.11270240312792791 -0.08539057912687091 0.12702938922153434 -1.826080784526006 2.1139038709369085 1 frame_00133.png

134 0.992629237420984 0.013296490280520663 -0.09705912340570612 -0.07134372380925945 0.20103190584923147 -1.827966043145857 2.119070957609623 1 frame_00134.png

135 0.9949810311608872 0.012124161079805665 -0.08095153774769974 -0.057555198587194045 0.2782390865330797 -1.8252566303412159 2.1291314127335323 1 frame_00135.png

136 0.9968062875904302 0.011134222860397282 -0.06538949158236111 -0.044468736119658264 0.35003887684688667 -1.820355221194213 2.126188055616177 1 frame_00136.png

137 0.9981795489956332 0.010268995959355867 -0.05025376177882727 -0.031728459085462235 0.4131763620179628 -1.8177042669764187 2.1180657364995734 1 frame_00137.png

138 0.9991347084541717 0.009324968214680575 -0.035579601992923454 -0.019415747526623475 0.4658661556528838 -1.8187672621591686 2.1117385933740875 1 frame_00138.png

139 0.9997112881518312 0.008560149245354507 -0.02113431469019186 -0.007576604073038691 0.5133500990782879 -1.820185246632589 2.0934792619032194 1 frame_00139.png

140 0.9999343325811496 0.008106316428875791 -0.0072096996308827575 0.0036930191819477013 0.5557998919119922 -1.8176440916142627 2.069629761807944 1 frame_00140.png

141 0.9998476339697889 0.00797432410846674 0.0060699586715947966 0.014292466608440897 0.5923563425284648 -1.8079795045094715 2.048556323840891 1 frame_00141.png

142 0.9994831217364852 0.007321210200747867 0.019729539682174578 0.02430297325465075 0.626872645879846 -1.7951195745303894 2.042272197427326 1 frame_00142.png

143 0.9988722416441939 0.007321715257842737 0.032375051019312664 0.03394839362743785 0.6458528514053943 -1.7905494023862711 2.0384829279925967 1 frame_00143.png

144 0.9970714971082367 0.0069950127740016485 0.05635603296346215 0.051220083944213644 0.6821363302180284 -1.7837438807048946 2.047246686982989 1 frame_00145.png

145 0.9980461740999326 0.00671681590535208 0.044887928954532016 0.0429394059431845 0.6672168269053215 -1.7851112468372983 2.0473548153319467 1 frame_00144.png

146 0.9959093715440379 0.007370621106837052 0.06813885044975986 0.05888373862658834 0.6919579531522292 -1.7845738171158103 2.051976272756068 1 frame_00146.png

147 0.9945720891257264 0.008448519788974021 0.07959567518075372 0.06647939935035109 0.6966054373708499 -1.790646963438628 2.0555881516072145 1 frame_00147.png

148 0.993030654206745 0.009357770944586228 0.09116679374857188 0.07410241322843733 0.7047282241979597 -1.7962558927265313 2.065614532923448 1 frame_00148.png

149 0.9913222501923797 0.01102208216046742 0.10215980958329324 0.0819883118759622 0.7145458944349715 -1.7983102310551047 2.0660841194405983 1 frame_00149.png

150 0.9872932930055406 0.013560967262080269 0.12350807493484679 0.09906467170026294 0.754315253470019 -1.7693785448128436 2.097715725300659 1 frame_00151.png

151 0.9849593302686718 0.014952956059986684 0.13330027369229933 0.10891539769617486 0.7832596217407383 -1.743446550199572 2.097593334385192 1 frame_00152.png

152 0.9823957575826099 0.01636822022114002 0.14285126414502403 0.11926513816975684 0.8172288626656083 -1.7100893486068245 2.095191851577915 1 frame_00153.png

153 0.9894573684739313 0.012598551706022684 0.11268378894808946 0.09009859141993412 0.7280309945713698 -1.7898092867276345 2.078545272537601 1 frame_00150.png

154 0.9795863190739316 0.017541315600688143 0.1521635700901887 0.1301890689251247 0.859281093626871 -1.6670105548997765 2.085471014916423 1 frame_00154.png

155 0.9765157699095306 0.018510068869757597 0.16101246417939846 0.14194828229785558 0.9063584154917796 -1.6219914166772513 2.065663709003528 1 frame_00155.png

156 0.9733111019658638 0.018974726830878166 0.16905707765346836 0.15402974721448634 0.9484630094684539 -1.5803156574305088 2.045043755641152 1 frame_00156.png

157 0.9699562322656218 0.019030603765277786 0.17674902246953778 0.16607988037529078 0.9846589960060571 -1.5397547940529084 2.0248202974596228 1 frame_00157.png

158 0.9665078990679777 0.018825394112053452 0.18381031319014457 0.178106300676508 1.013834622267868 -1.4971754986779384 1.9960704511595366 1 frame_00158.png

159 0.962920899515586 0.01835187725034961 0.19062792493026418 0.1900198518951758 1.0363756310058958 -1.4511447604383112 1.9632992364536637 1 frame_00159.png

160 0.9592043748141978 0.017928559725170597 0.1971873840174181 0.2017985868826937 1.0531567440634004 -1.4007706818143064 1.9253190349117142 1 frame_00160.png

161 0.9513185499208778 0.015694544497677366 0.21073543460479266 0.22435969881281745 1.0834847153354776 -1.2873859758400614 1.8808491540190064 1 frame_00162.png

162 0.9553399160065349 0.017101194523614215 0.2037512447594137 0.21335094161845647 1.069261014571996 -1.3445256002526216 1.8991719390417112 1 frame_00161.png

163 0.9430926499849566 0.013804387415270252 0.22465068101610358 0.2447810530891684 1.0920963361903444 -1.1994503117378135 1.824551751188949 1 frame_00164.png

164 0.947321308918915 0.014715098301251719 0.21728826811352625 0.23484380360222945 1.0884668935104753 -1.2404086219722747 1.8505413080513946 1 frame_00163.png

165 0.9386045686043044 0.01294876345378981 0.23283736713526249 0.2542450663939506 1.1004552577163391 -1.1578611141505373 1.7965110614830055 1 frame_00165.png

166 0.9338517474679968 0.012368670029871721 0.24145393353467703 0.263567690989037 1.1103639861854657 -1.1176859658537086 1.7652125436586152 1 frame_00166.png

167 0.9287987061422972 0.01200130285277957 0.25064668915614535 0.27269977890217156 1.120121310467141 -1.079405526341295 1.730970448701421 1 frame_00167.png

168 0.9177552421831194 0.011581863149303982 0.27049318929015054 0.2905591341517889 1.1393847325544222 -1.0012104572252465 1.6589383398387354 1 frame_00169.png

169 0.9234070993127894 0.011818528373700316 0.2604450795984083 0.2816877914266065 1.1300557727597507 -1.0411668146865973 1.6962620850752432 1 frame_00168.png

170 0.9119462816578972 0.011590104073112503 0.2805600078681497 0.2991750839273443 1.1435682157943174 -0.9632207373748358 1.6195738327034523 1 frame_00170.png

171 0.9059445994674772 0.01163970827678152 0.2904667903202151 0.30782778238491726 1.1434804129562237 -0.9276313628526152 1.5803815575080125 1 frame_00171.png

172 0.8998861486988751 0.012142737360059443 0.29951960985864984 0.31677354153943 1.1420023153290328 -0.8921968941593332 1.5325078976946418 1 frame_00172.png

173 0.8936717480849814 0.012416148892628515 0.3091132467200477 0.3250317624842238 1.140515207668224 -0.8514186928776761 1.5033582767304103 1 frame_00173.png

174 0.8878677695532404 0.012700942098721255 0.3172076878074923 0.33302971737396575 1.1302586549451161 -0.8162853982096253 1.469177561666984 1 frame_00174.png

175 0.877594950612109 0.013470247542141846 0.3306768655206545 0.34684069210621526 1.1011707820491243 -0.7633858921080932 1.406463167719989 1 frame_00176.png

176 0.882448124018433 0.013079930469282623 0.32447348269749116 0.3403398049911708 1.1159431329059295 -0.7882047773631662 1.4362330756320163 1 frame_00175.png

177 0.8732705748290461 0.01392934847096577 0.3360605943362634 0.35251631639298514 1.0856391475560334 -0.7384534160507307 1.3768546609614898 1 frame_00177.png

178 0.8696209996043706 0.014435576227698801 0.34036785988432045 0.3573522787724145 1.0651008759999732 -0.7131053714406465 1.3428925547731727 1 frame_00178.png

179 0.8664819000734395 0.014759995263880199 0.34428520118036415 0.36119102928108365 1.0382616231555934 -0.6916400961498522 1.3187856072560633 1 frame_00179.png

